
{'AP': 0.835286,
 'AP50': 1.0,
 'AP75': 0.8811881,
 'APs': -1.0,
 'APm': -1.0,
 'APl': 0.835286,
 'ARmax1': 0.85,
 'ARmax10': 0.86,
 'ARmax100': 0.86,
 'ARs': -1.0,
 'ARm': -1.0,
 'ARl': 0.86,
 'AP_/ivywu': 0.7557756,
 'AP_/Toby': 0.9147965}
 
 {'AP': 0.81113863,
 'AP50': 1.0,
 'AP75': 0.8811881,
 'APs': -1.0,
 'APm': -1.0,
 'APl': 0.81113863,
 'ARmax1': 0.83,
 'ARmax10': 0.83,
 'ARmax100': 0.83,
 'ARs': -1.0,
 'ARm': -1.0,
 'ARl': 0.83,
 'AP_/ivywu': 0.73564357,
 'AP_/Toby': 0.88663363}